name: dash
channels:
  - conda-forge
  - defaults
dependencies:
  - blas=1.0=mkl
  - blinker=1.8.1=pyhd8ed1ab_0
  - bottleneck=1.3.7=py312he558020_0
  - brotli-python=1.1.0=py312h53d5487_1
  - bzip2=1.0.8=hcfcfb64_5
  - ca-certificates=2024.3.11=haa95532_0
  - certifi=2024.2.2=py312haa95532_0
  - charset-normalizer=3.3.2=pyhd8ed1ab_0
  - click=8.1.7=win_pyh7428d3b_0
  - colorama=0.4.6=pyhd8ed1ab_0
  - dash=2.17.0=pyhd8ed1ab_0
  - flask=3.0.3=pyhd8ed1ab_0
  - idna=3.7=pyhd8ed1ab_0
  - importlib-metadata=7.1.0=pyha770c72_0
  - intel-openmp=2023.1.0=h59b6b97_46320
  - itsdangerous=2.2.0=pyhd8ed1ab_0
  - jinja2=3.1.3=pyhd8ed1ab_0
  - libexpat=2.6.2=h63175ca_0
  - libffi=3.4.2=h8ffe710_5
  - libsqlite=3.45.3=hcfcfb64_0
  - libzlib=1.2.13=hcfcfb64_5
  - markupsafe=2.1.5=py312he70551f_0
  - mkl=2023.1.0=h6b88ed4_46358
  - mkl-service=2.4.0=py312h2bbff1b_1
  - mkl_fft=1.3.8=py312h2bbff1b_0
  - mkl_random=1.2.4=py312h59b6b97_0
  - nest-asyncio=1.6.0=pyhd8ed1ab_0
  - numexpr=2.8.7=py312h96b7d27_0
  - numpy=1.26.4=py312hfd52020_0
  - numpy-base=1.26.4=py312h4dde369_0
  - openssl=3.3.0=hcfcfb64_0
  - packaging=24.0=pyhd8ed1ab_0
  - pandas=2.2.1=py312h0158946_0
  - pip=24.0=pyhd8ed1ab_0
  - plotly=5.22.0=pyhd8ed1ab_0
  - pysocks=1.7.1=pyh0701188_6
  - python=3.12.3=h2628c8c_0_cpython
  - python-dateutil=2.8.2=pyhd3eb1b0_0
  - python-tzdata=2023.3=pyhd3eb1b0_0
  - python_abi=3.12=4_cp312
  - pytz=2024.1=py312haa95532_0
  - requests=2.31.0=pyhd8ed1ab_0
  - retrying=1.3.3=py_2
  - setuptools=69.5.1=pyhd8ed1ab_0
  - six=1.16.0=pyh6c4a22f_0
  - tbb=2021.8.0=h59b6b97_0
  - tenacity=8.2.3=pyhd8ed1ab_0
  - tk=8.6.13=h5226925_1
  - typing-extensions=4.11.0=hd8ed1ab_0
  - typing_extensions=4.11.0=pyha770c72_0
  - tzdata=2024a=h0c530f3_0
  - ucrt=10.0.22621.0=h57928b3_0
  - urllib3=2.2.1=pyhd8ed1ab_0
  - vc=14.3=hcf57466_18
  - vc14_runtime=14.38.33130=h82b7239_18
  - vs2015_runtime=14.38.33130=hcb4865c_18
  - werkzeug=3.0.2=pyhd8ed1ab_0
  - wheel=0.43.0=pyhd8ed1ab_1
  - win_inet_pton=1.1.0=pyhd8ed1ab_6
  - xz=5.2.6=h8d14728_0
  - zipp=3.17.0=pyhd8ed1ab_0
prefix: C:\Users\ebant\anaconda3\envs\dash
